-2
30
122
-225
10
117
191
60
51
-73
109
135
62
9
114
99
95
45
-325
92
-57
35
76
99
-6
-93
132
77
-27
162
-102
117
71
115
129
42
59
73
-166
47
1
12
42
124
102
-97
7
100
79
-198
91
174
39
-451
3
9
23
3
-134
130
0
154
37
32
85
-11
155
39
95
99
-98
57
24
32
189
86
50
32
-206
-156
102
58
73
-16
34
20
65
59
137
149
-14
91
92
-356
-52
-4
73
64
-153
53
-73
129
14
-441
-150
49
174
114
183
176
27
95
58
93
-81
126
178
113
136
171
-116
0
38
-160
137
49
100
101
-426
199
-16
159
23
111
-1
-43
38
33
3
111
100
171
112
164
188
-49
166
43
187
173
-18
112
57
-81
-20
-4
187
68
139
144
54
106
49
112
152
66
6
21
171
-101
-89
142
54
-1
87
62
35
96
154
98
-93
131
115
0
144
-6
179
111
177
107
-86
179
123
-12
143
66
143
57
13
179
-13
43
78
57
82
-10
126
117
-59
-147
-77
76
37
-115
27
3
119
22
-177
-11
-59
188
126
100
152
67
102
3
-5
176
-79
45
83
55
56
112
132
104
127
169
-9
111
29
116
180
-60
14
72
80
-139
-98
134
73
-6
-52
86
194
127
175
193
47
45
7
-6
60
16
41
31
-527
-253
92
185
97
139
146
-43
112
7
173
194
-13
124
53
139
188
59
191
117
3
126
-82
64
54
-190
-9
-75
115
118
90
92
28
107
80
169
154
71
195
129
196
191
23
174
112
-101
-138
-30
157
92
169
188
-66
163
111
139
127
126
56
17
-140
77
100
78
33
64
-21
64
65
29
-51
-98
-25
96
124
187
182
-25
105
102
129
184
-82
33
93
121
154
-86
199
132
187
31
98
193
89
42
171
12
111
86
169
181
-4
4
15
-12
100
-18
70
0
134
43
-1
188
69
84
174
-5
84
45
57
110
97
0
41
99
157
79
80
129
-6
52
-21
173
118
-1
-75
88
146
90
-398
-342
100
73
20
89
17
-116
159
129
158
174
111
140
62
80
169
-78
115
112
198
188
37
155
59
-143
87
38
22
58
161
118
100
103
76
159
129
-73
122
112
152
44
87
194
101
125
55
-111
57
58
-804
-382
-79
193
90
181
181
41
100
79
92
42
-110
69
104
-89
18
82
21
54
-57
41
-81
81
111
195
115
-78
13
76
31
33
33
86
65
13
45
-71
190
29
87
-98
93
