-1.2454143096986559,0.5751690924057371
-1.1955977373107096,0.5921623287095076
-1.1477738278182812,0.6084758355611273
-1.1018628747055499,0.6241368021386822
-1.0577883597173279,0.6391713300531349
-1.0154768253286348,0.6536044768510094
-0.9748577523154894,0.667460297776969
-0.9358634422228699,0.6807618858658903
-0.8984289045339551,0.6935314104312547
-0.8624917483525969,0.7057901540140045
-0.827992078418493,0.7175585478534443
-0.7948723952817532,0.7288562059393066
-0.7630774994704831,0.7397019577017343
-0.7325543994916638,0.7501138793936649
-0.7032522235119972,0.7601093242179183
-0.6751221345715174,0.7697049512492016
-0.6481172491886567,0.7789167531992335
-0.6221925592211104,0.7877600830712641
-0.597304856852266,0.7962496797484135
-0.5734126625781754,0.804399692558477
-0.5504761560750483,0.8122237048561379
-0.5284571098320464,0.8197347566618924
-0.5073188254387646,0.8269453663954167
-0.48702607242121404,0.8338675517396
-0.4675450295243655,0.840512849670016
-0.44884322834339085,0.8468923356832154
-0.43088949920965525,0.8530166422558868
-0.41365391924126904,0.8588959765656513
-0.3971077624716183,0.8645401375030253
-0.38122345197275354,0.8699585320029043
-0.3659745138938434,0.8751601907227882
-0.35133553333808965,0.8801537830938766
-0.33728211200456604,0.8849476317701215
-0.3237908275243834,0.8895497264993166
-0.310839194423408,0.893967737439344
-0.2984056266464717,0.8982090279417703
-0.28646940158061285,0.9022806668240995
-0.2750106255173883,0.9061894401511355
-0.26401020049669277,0.90994186254509
-0.2534497924768251,0.9135441880432864
-0.24331180077775208,0.917002420521555
-0.233579328746642,0.9203223237006928
-0.22423615559677632,0.9235094307526651
-0.21526670937290526,0.9265690535225585
-0.20665604099798907,0.9295062913816561
-0.1983897993580695,0.9323260397263898
-0.19045420738374672,0.9350329981373342
-0.18283603908839685,0.9376316782118408
-0.175522597524861,0.9401264110833671
-0.16850169362386655,0.9425213546400325
-0.16176162587891188,0.9448205004544312
-0.1552911608437554,0.947027680436254
-0.1490795144100052,0.9491465732188038
-0.14311633383360498,0.9511807102900517
-0.13739168048026076,0.9531334818784496
-0.13189601326105033,0.9550081426033116
-0.12662017273060833,0.9568078168991792
-0.12155536582138399,0.958535504223212
-0.11669315118852863,0.9601940840542835
-0.11202542514098748,0.9617863206921122
-0.10754440813534799,0.9633148678644278
-0.10324263180993407,0.9647822731498507
-0.0991129265375367,0.9661909822238566
-0.09514840947603523,0.9675433429349023
-0.09134247309699382,0.9688416092175062
-0.08768877417311408,0.9700879448488059
-0.08418122320618951,0.9712844270548536
-0.08081397427794193,0.9724330499726594
-0.07758141530682425,0.9735357279737531
-0.07447815869455128,0.974594298854803
-0.07149903234676923,0.9756105269006109
-0.06863907105289846,0.9765861058245865
-0.06589350821078252,0.9775226615916031
-0.06325776788235121,0.9784217551279389
-0.060727457167057165,0.9792848849228214
-0.05829835888037488,0.9801134895259085
-0.05596642452515988,0.9809089499448721
-0.05372776754415349,0.9816725919470772
-0.05157865684238735,0.9824056882691942
-0.049515510568691856,0.9831094607384264
-0.047534890145944184,0.9837850823088894
-0.045633494540106415,0.9844336790165338
-0.04380815475850216,0.9850563318558724
-0.04205582856816207,0.9856540785816374
-0.04037359542543559,0.986227915438372
-0.03875865160841816,0.9867787988208371
-0.03720830554408144,0.9873076468680035
-0.03571997332231818,0.9878153409932834
-0.03429117438942545,0.9883027273535521
-0.03291952741384843,0.98877061825941
-0.0316027463172945,0.9892197935290337
-0.030338636464602716,0.9896510017878724
-0.029125091006018608,0.9900649617163575
-0.027960087365777864,0.9904623632477032
-0.02684168387114675,0.9908438687177951
-0.025768016516300882,0.9912101139690832
-0.024737295855648846,0.9915617094103198
-0.023747804021422892,0.991899241033907
-0.022797891860565977,0.9922232713925507
-0.02188597618614334,0.9925343405368487
-0.021010537138697605,0.9928329669153748
-0.0201701156531497,0.9931196482387599
-0.01936331102702371,0.9933948623092095
-0.018588778585942763,0.9936590678168411
-0.01784522744250505,0.9939127051041674
-0.01713141834480485,0.9941561969000007
-0.016446161611012658,0.9943899490240007
-0.01578831514657215,0.9946143510630406
-0.015156782540709264,0.994829777020519
-0.014550511239080894,0.9950365859396982
-0.013968490789517658,0.9952351225021103
-0.013409751157936951,0.9954257176020259
-0.012873361111619472,0.9956086888979448
-0.012358426667154693,0.9957843413420271
-0.011864089600468506,0.995952967688346
-0.011389526016449766,0.9961148489808122
-0.010933944975791775,0.9962702550215796
-0.010496587176760103,0.9964194448207164
-0.010076723689689699,0.9965626670278878
-0.009673654742102111,0.9967001603467722
-0.009286708552418026,0.9968321539329014
-0.008915240210321305,0.9969588677755853
-0.008558630601908453,0.9970805130645619
-0.008216285377832115,0.9971972925419794
-0.00788763396271883,0.9973094008403003
-0.007572128604210077,0.9974170248066883
-0.007269243460041674,0.9975203438144207
-0.006978473721640007,0.9976195300618439
-0.0066993347727744065,0.9977147488593702
-0.00643136138186343,0.9978061589049954
-0.006174106926588893,0.9978939125487956
-0.005927142649525337,0.9979781560468437
-0.005690056943544323,0.99805902980497
-0.0054624546658025505,0.9981366686127712
-0.005243956479170448,0.9982112018682603
-0.00503419822000363,0.9982827537935299
-0.004832830291203485,0.9983514436417887
-0.004639517079555345,0.9984173858961172
-0.004453936396373131,0.9984806904602724
-0.004275778940518206,0.9985414628418615
-0.0041047477828974775,0.9985998043281871
-0.0039405578715815785,0.9986558121550596
-0.0037829355567183154,0.9987095796688572
-0.0036316181344495826,0.9987611964821029
-0.0034863534090715993,0.9988107486228188
-0.0033468992727087353,0.9988583186779061
-0.003213023301800386,0.9989039859307899
-0.0030845023697283706,0.9989478264935583
-0.002961122274939236,0.9989899134338159
-0.0028426773839416667,0.9990303168964633
-0.002728970288584,0.9990691042206047
-0.0026198114770406397,0.9991063400517805
-0.0025150190179590143,0.9991420864497093
-0.002414418257240654,0.9991764029917208
-0.0023178415269510277,0.999209346872052
-0.0022251278658729865,0.9992409729971699
-0.0021361227512380673,0.9992713340772831
-0.0020506778411885445,0.9993004807141918
-0.001968650727541003,0.999328461485624
-0.0018899046984393627,0.9993553230261991
-0.0018143085105017881,0.9993811101051512
-0.0017417361700817165,0.9994058657009451
-0.0016720667232784478,0.9994296310729074
-0.0016051840543473098,0.999452445829991
-0.0015409766921734174,0.9994743479967914
-0.0014793376244864808,0.9994953740769197
-0.0014201641195070215,0.9995155591138429
-0.0013633575547267406,0.9995349367492892
-0.001308823252537671,0.9995535392793176
-0.0012564703224361643,0.9995713977081448
-0.0012062115095387179,0.999588541799819
-0.0011579630491571691,0.9996050001278263
-0.0011116445271908823,0.9996208001227133
-0.001067178746103247,0.9996359681178048
-0.001024491596259117,0.9996505293930925
-9.835119324087523E-4,0.9996645082173689
-9.441714551124021E-4,0.999677927888674
-9.06404596907906E-4,0.999690810773127
-8.701484130315898E-4,0.999703178342202
-8.353424765103262E-4,0.9997150512085139
-8.019287774499132E-4,0.9997264491601734
-7.698516263519166E-4,0.9997373911937665
-7.390575612978399E-4,0.9997478955460158
-7.094952588459263E-4,0.9997579797241752
-6.811154484920893E-4,0.9997676605352083
-6.538708305524058E-4,0.9997769541138
-6.277159973303095E-4,0.999785875949248
-6.026073574370972E-4,0.999794440911278
-5.785030631396133E-4,0.9998026632748269
-5.553629406140287E-4,0.9998105567438338
-5.331484229894676E-4,0.9998181344740804
-5.118224860698889E-4,0.9998254090951172
-4.913495866270933E-4,0.9998323927313125
-4.716956031620096E-4,0.99983909702206
-4.528277790355292E-4,0.9998455331411775
-4.3471466787410807E-4,0.9998517118155305
-4.1732608115914373E-4,0.9998576433429093
-4.0063303791277796E-4,0.9998633376091929
-3.846077163962668E-4,0.9998688041048251
-3.6922340774041615E-4,0.9998740519406322
-3.544544714307995E-4,0.9998790898630069
-3.402762925735675E-4,0.9998839262684867
-3.266652408706248E-4,0.9998885692177472
-3.135986312357998E-4,0.9998930264490373
-3.010546859863678E-4,0.9998973053910758
-2.8901249854691307E-4,0.9999014131754328
-2.7745199860503656E-4,0.9999053566484155
-2.663539186608351E-4,0.9999091423824789
-2.556997619144017E-4,0.9999127766871797
-2.4547177143782566E-4,0.9999162656196925
-2.3565290058031262E-4,0.9999196149949048
-2.262267845571001E-4,0.9999228303951085
-2.1717771317481612E-4,0.9999259171793042
-2.0849060464782346E-4,0.999928880492132
-2.001509804619105E-4,0.9999317252724468
-1.921449412434341E-4,0.9999344562615489
-1.8445914359369674E-4,0.9999370780110869
-1.7708077784994887E-4,0.9999395948906434
-1.699975467359509E-4,0.9999420110950177
-1.6319764486651288E-4,0.999944330651217
-1.5666973907185237E-4,0.9999465574251684
-1.5040294950897828E-4,0.9999486951281616
-1.4438683152861914E-4,0.9999507473230351
-1.3861135826747438E-4,0.9999527174301137
-1.330669039367754E-4,0.9999546087329092
-1.277442277793044E-4,0.9999564243835928
-1.2263445866813222E-4,0.999958167408249
-1.1772908032140693E-4,0.9999598407119191
-1.1301991710855065E-4,0.9999614470834424
-1.0849912042420863E-4,0.9999629892001046
-1.0415915560724029E-4,0.9999644696321004
-9.999278938295068E-5,0.9999658908468164
-9.599307780763265E-5,0.9999672552129437
-9.215335469532735E-5,0.999968565004426
-8.846722050751426E-5,0.9999698224042489
-8.492853168721369E-5,0.9999710295080789
-8.153139041972514E-5,0.9999721883277558
-7.827013480293614E-5,0.9999733007946455
-7.513932941081869E-5,0.9999743687628597
-7.213375623438594E-5,0.9999753940123454
-6.92484059850105E-5,0.9999763782518516
-6.647846974561008E-5,0.9999773231217776
-6.381933095578568E-5,0.9999782301969065
-6.126655771755425E-5,0.9999791009890302
-5.881589540885208E-5,0.999979936949469
-5.6463259592497995E-5,0.9999807394714902
-5.420472920879807E-5,0.9999815098926307
-5.203654004044615E-5,0.9999822494969255
-4.99550784388283E-5,0.9999829595170485
-4.7956875301275165E-5,0.9999836411363666
-4.603860028922416E-5,0.999984295490912
-4.4197056277655195E-5,0.9999849236712754
-4.2429174026548986E-5,0.9999855267244244
-4.0732007065487026E-5,0.9999861056554474
-3.9102726782867544E-5,0.9999866614292295
-3.753861771155284E-5,0.9999871949720603
-3.603707300309073E-5,0.999987707173178
-3.45955900829671E-5,0.9999881988862509
-3.321176647964841E-5,0.9999886709308009
-3.188329582046247E-5,0.9999891240935689
-3.0607963987643975E-5,0.9999895591298261
-2.9383645428138215E-5,0.9999899767646331
-2.8208299611012688E-5,0.9999903776940477
-2.707996762657218E-5,0.9999907625862858
-2.5996768921509292E-5,0.9999911320828344
-2.495689816464892E-5,0.999991486799521
-2.395862223806296E-5,0.9999918273275401
-2.3000277348540442E-5,0.9999921542344385
-2.2080266254598825E-5,0.999992468065061
-2.1197055604414872E-5,0.9999927693424586
-2.034917338023828E-5,0.9999930585687603
-1.9535206445028748E-5,0.9999933362260099
-1.8753798187227598E-5,0.9999936027769696
-1.8003646259738493E-5,0.9999938586658907
-1.7283500409348955E-5,0.9999941043192551
