36.0
36.0
36.0
36.0
36.0
36.0
36.0
36.0
36.0
36.0
36.0
36.0
36.0
36.0
36.0
36.0
30.968631642642332
30.968631642642332
26.424880082702174
26.424880082702174
22.074799809277085
22.074799809277085
21.994894439749356
21.778081614341993
21.778081614341993
21.565779869300183
20.725307944444182
20.462684237260113
18.935503789213858
18.935503789213858
18.934196517245184
18.934196517245184
18.8809053171855
18.42347335665638
18.42347335665638
18.206290937676656
18.206290937676656
18.12167036715359
17.829375910408103
15.921817873791035
14.705305306028473
14.263958898325667
13.666540063852278
12.97350043526629
12.690415078909552
10.152332063127643
10.152332063127643
10.152332063127643
8.121865650502114
6.497492520401692
