7.2
7.2
7.2
7.2
7.2
7.2
7.2
4.261615728832003
4.261615728832003
3.4092925830656022
3.4092925830656022
3.4092925830656022
3.4092925830656022
3.4092925830656022
3.4092925830656022
3.4092925830656022
3.4092925830656022
3.4092925830656022
3.4092925830656022
2.0497271617583976
2.0497271617583976
1.6397817294067183
1.6397817294067183
1.6397817294067183
1.6397817294067183
1.6397817294067183
1.6397817294067183
1.6397817294067183
1.6397817294067183
1.6397817294067183
0.9769825068906118
0.9769825068906118
0.7815860055124895
0.7815860055124895
0.7815860055124895
0.7815860055124895
0.7815860055124895
0.7815860055124895
0.7815860055124895
0.7815860055124895
0.7815860055124895
0.7815860055124895
0.7815860055124895
0.6252688044099917
0.6252688044099917
0.6252688044099917
0.6252688044099917
0.6252688044099917
0.6252688044099917
0.6252688044099917
0.6252688044099917
0.3424992527586042
0.3424992527586042
0.2739994022068834
0.2739994022068834
0.2739994022068834
0.2739994022068834
0.2739994022068834
0.2739994022068834
0.2739994022068834
0.2739994022068834
0.2739994022068834
0.2739994022068834
0.2739994022068834
0.2739994022068834
0.2739994022068834
0.2739994022068834
0.21919952176550672
0.21919952176550672
0.21919952176550672
0.21919952176550672
0.21919952176550672
0.21919952176550672
0.21919952176550672
0.21919952176550672
0.21919952176550672
0.21919952176550672
0.21919952176550672
0.21919952176550672
0.17535961741240538
0.17535961741240538
0.17535961741240538
0.17535961741240538
0.17535961741240538
0.17535961741240538
0.17535961741240538
0.14028769392992432
0.14028769392992432
0.14028769392992432
0.14028769392992432
0.14028769392992432
0.14028769392992432
0.14028769392992432
0.11223015514393947
0.11223015514393947
0.11223015514393947
0.11223015514393947
0.08978412411515158
0.06379629556844064
0.06379629556844064
